systemidentifier=XRCE
class=location
granularity=fine


numberofsamples=1000

accuracy=0.954
coverage=1
allaccuracy=0.954
allcoverage=1


baselineaccuracy=0.788
baselinecoverage=1


reading: literal; occurring (in gold data) = 788, percentage (in gold data) = 0.788
-------------------
precision=0.949152542372881
recall=0.99492385786802
fscore=0.971499380421314

allprecision=0.949152542372881
allrecall=0.99492385786802
allfscore=0.971499380421314



reading: place-for-people; occurring (in gold data) = 182, percentage (in gold data) = 0.182
-------------------
precision=0.976744186046512
recall=0.923076923076923
fscore=0.949152542372881

allprecision=0.976744186046512
allrecall=0.923076923076923
allfscore=0.949152542372881



reading: place-for-event; occurring (in gold data) = 30, percentage (in gold data) = 0.03
-------------------
precision=1
recall=0.0666666666666667
fscore=0.125

allprecision=1
allrecall=0.0666666666666667
allfscore=0.125



