systemidentifier=XRCE
class=org
granularity=medium


numberofsamples=842

accuracy=0.699524940617577
coverage=1
allaccuracy=0.699524940617577
allcoverage=1


baselineaccuracy=0.617577197149644
baselinecoverage=1


reading: literal; occurring (in gold data) = 520, percentage (in gold data) = 0.617577197149644
-------------------
precision=0.702346041055719
recall=0.921153846153846
fscore=0.797004991680533

allprecision=0.702346041055719
allrecall=0.921153846153846
allfscore=0.797004991680533



reading: metonymic; occurring (in gold data) = 261, percentage (in gold data) = 0.309976247030879
-------------------
precision=0.6875
recall=0.421455938697318
fscore=0.522565320665083

allprecision=0.6875
allrecall=0.421455938697318
allfscore=0.522565320665083



reading: mixed; occurring (in gold data) = 61, percentage (in gold data) = 0.0724465558194774
-------------------
precision=undef
recall=0
fscore=undef

allprecision=undef
allrecall=0
allfscore=undef



