systemidentifier=XRCE
class=org
granularity=coarse


numberofsamples=842

accuracy=0.796703296703297
coverage=0.648456057007126
allaccuracy=0.711401425178147
allcoverage=1


baselineaccuracy=0.617577197149644
baselinecoverage=1


reading: literal; occurring (in gold data) = 520, percentage (in gold data) = 0.617577197149644
-------------------
precision=0.808564231738035
recall=0.617307692307692
fscore=0.700109051254089

allprecision=0.6998556998557
allrecall=0.932692307692308
allfscore=0.799670239076669



reading: non-literal; occurring (in gold data) = 322, percentage (in gold data) = 0.382422802850356
-------------------
precision=0.76510067114094
recall=0.354037267080745
fscore=0.484076433121019

allprecision=0.76510067114094
allrecall=0.354037267080745
allfscore=0.484076433121019



