systemidentifier=XRCE
class=location
granularity=medium


numberofsamples=908

accuracy=0.842511013215859
coverage=1
allaccuracy=0.842511013215859
allcoverage=1


baselineaccuracy=0.794052863436123
baselinecoverage=1


reading: literal; occurring (in gold data) = 721, percentage (in gold data) = 0.794052863436123
-------------------
precision=0.852121212121212
recall=0.9750346740638
fscore=0.909443725743855

allprecision=0.852121212121212
allrecall=0.9750346740638
allfscore=0.909443725743855



reading: metonymic; occurring (in gold data) = 167, percentage (in gold data) = 0.183920704845815
-------------------
precision=0.746987951807229
recall=0.37125748502994
fscore=0.496

allprecision=0.746987951807229
allrecall=0.37125748502994
allfscore=0.496



reading: mixed; occurring (in gold data) = 20, percentage (in gold data) = 0.0220264317180617
-------------------
precision=undef
recall=0
fscore=undef

allprecision=undef
allrecall=0
allfscore=undef



