systemidentifier=XRCE
class=org
granularity=coarse


numberofsamples=842

accuracy=0.71021377672209
coverage=1
allaccuracy=0.71021377672209
allcoverage=1


baselineaccuracy=0.617577197149644
baselinecoverage=1


reading: literal; occurring (in gold data) = 520, percentage (in gold data) = 0.617577197149644
-------------------
precision=0.702346041055719
recall=0.921153846153846
fscore=0.797004991680533

allprecision=0.702346041055719
allrecall=0.921153846153846
allfscore=0.797004991680533



reading: non-literal; occurring (in gold data) = 322, percentage (in gold data) = 0.382422802850356
-------------------
precision=0.74375
recall=0.369565217391304
fscore=0.493775933609958

allprecision=0.74375
allrecall=0.369565217391304
allfscore=0.493775933609958



