systemidentifier=XRCE
class=org
granularity=medium


numberofsamples=842

accuracy=0.700712589073634
coverage=1
allaccuracy=0.700712589073634
allcoverage=1


baselineaccuracy=0.617577197149644
baselinecoverage=1


reading: literal; occurring (in gold data) = 520, percentage (in gold data) = 0.617577197149644
-------------------
precision=0.6998556998557
recall=0.932692307692308
fscore=0.799670239076669

allprecision=0.6998556998557
allrecall=0.932692307692308
allfscore=0.799670239076669



reading: metonymic; occurring (in gold data) = 261, percentage (in gold data) = 0.309976247030879
-------------------
precision=0.704697986577181
recall=0.402298850574713
fscore=0.51219512195122

allprecision=0.704697986577181
allrecall=0.402298850574713
allfscore=0.51219512195122



reading: mixed; occurring (in gold data) = 61, percentage (in gold data) = 0.0724465558194774
-------------------
precision=undef
recall=0
fscore=undef

allprecision=undef
allrecall=0
allfscore=undef



